C 0 180 155 249 206 1 1 1 1 0 7 
C 1 158 301 249 252 0 1 2 1 0 7 
C 2 138 427 249 359 0 1 1 1 0 6 
C 3 158 301 432 294 0 1 1 1 0 5 
C 4 138 427 287 484 0 1 1 1 0 4 
C 5 139 568 249 405 0 1 2 1 0 6 
C 6 139 568 287 530 0 1 2 1 0 4 
C 7 139 568 538 563 0 1 2 1 0 3 
C 8 440 504 538 517 1 1 1 0 0 3 
C 9 402 379 432 340 0 1 2 0 0 5 
C 10 585 314 634 287 1 1 2 0 0 8 
C 11 402 226 514 162 0 1 2 0 0 9 
C 12 180 155 514 116 1 1 1 1 0 9 
C 13 667 136 634 241 1 1 1 0 0 8 
C 14 667 136 745 121 1 1 1 0 0 12 
C 15 402 226 745 167 0 1 2 0 0 12 
C 16 787 261 832 289 0 1 1 0 0 0 
C 17 985 309 1070 336 0 1 1 0 0 2 
C 18 1067 590 1070 382 0 1 2 0 0 2 
C 19 1223 356 1314 337 0 1 1 0 1 l 1 
C 20 837 430 984 192 1 1 2 0 0 1 
C 21 898 141 984 146 0 1 1 0 0 1 
C 22 1137 166 1285 148 1 1 1 0 1 l 0 
C 23 691 537 684 456 1 1 2 0 0 11 
C 24 585 314 684 410 1 1 1 0 0 11 
C 25 138 427 832 335 0 1 2 1 0 0 
G 0 and 865 269 1 1 0 0 0 1 17 
G 1 or 1017 126 1 1 0 1 1 1 22 
G 2 or 1103 316 1 1 0 0 0 1 19 
G 3 nand 571 497 1 1 1 0 1 1 23 
G 4 nand 320 464 1 1 0 0 1 1 8 
G 5 nand 465 274 1 1 0 0 1 2 10 24 
G 6 or 282 339 1 1 0 0 0 1 9 
G 7 nor 282 186 1 1 1 0 0 2 11 15 
G 8 nor 667 221 1 1 1 1 0 1 16 
G 9 xor 547 96 1 1 1 0 1 2 13 14 
G 10 xnor 947 550 0 0 0 0 1 1 18 
G 11 xnor 717 390 1 1 1 1 1 1 20 
G 12 nor 778 101 1 1 1 0 0 1 21 
B 0 60 115 1 1 0 12 
B 1 18 387 0 1 2 4 25 
B 2 38 261 0 0 1 3 
B 3 19 528 0 0 5 6 7 
L 0 1318 115 1 1
L 1 1347 304 1 0