C 0 158 180 218 123 0 1 1 1 0 3 
C 1 984 154 1305 190 1 1 1 0 1 l 0 
C 2 1170 285 1305 320 0 1 1 0 1 l 1 
C 3 971 398 1312 441 0 1 1 0 1 l 2 
C 4 1128 500 1284 567 1 1 1 0 1 l 3 
C 5 894 541 975 526 0 1 2 0 0 8 
C 6 728 447 975 480 1 1 1 0 0 8 
C 7 728 447 818 424 1 1 2 0 0 0 
C 8 752 264 831 180 1 1 2 0 0 5 
C 9 752 264 1017 265 1 1 1 0 0 9 
C 10 971 398 1017 311 0 1 2 0 0 9 
C 11 158 180 450 209 0 1 2 1 0 4 
C 12 164 307 218 169 1 1 2 1 0 3 
C 13 164 307 399 332 1 1 1 1 0 6 
C 14 371 143 450 163 1 1 1 0 0 4 
C 15 603 183 599 244 0 1 1 0 0 10 
C 16 603 183 831 134 0 1 1 0 0 5 
C 17 159 431 599 290 0 1 2 1 0 10 
C 18 159 431 399 378 0 1 2 1 0 6 
C 19 552 352 575 427 1 1 1 0 0 1 
C 20 429 484 575 473 1 1 2 0 0 1 
C 21 544 597 741 567 1 1 2 0 0 2 
C 22 156 673 741 521 0 1 1 1 0 2 
C 23 156 673 391 623 0 1 2 1 0 11 
C 24 161 551 276 510 0 1 2 1 0 7 
C 25 159 431 276 464 0 1 1 1 0 7 
C 26 164 307 391 577 1 1 1 1 0 11 
G 0 and 851 358 0 1 0 1 0 2 3 10 
G 1 or 608 407 1 1 1 1 1 2 6 7 
G 2 and 774 501 1 1 0 1 0 1 5 
G 3 or 251 103 1 1 0 1 1 1 14 
G 4 and 483 143 1 1 1 0 0 2 15 16 
G 5 or 864 114 1 1 0 1 1 1 1 
G 6 nand 432 312 1 1 1 0 1 1 19 
G 7 nand 309 444 1 1 0 0 1 1 20 
G 8 xor 1008 460 1 1 1 0 1 1 4 
G 9 nor 1050 245 1 1 1 0 0 1 2 
G 10 xnor 632 224 1 1 0 0 1 2 8 9 
G 11 xor 424 557 1 1 1 0 1 1 21 
B 0 38 140 0 1 2 0 11 
B 1 44 267 1 1 3 12 13 26 
B 2 39 391 0 1 3 17 18 25 
B 3 41 511 0 0 1 24 
B 4 36 633 0 0 2 22 23 
L 0 1338 157 1 1
L 1 1338 287 1 0
L 2 1345 408 1 0
L 3 1317 534 1 1