C 0 171 214 379 266 0 1 1 1 0 0 
C 1 170 345 379 312 0 1 2 1 0 0 
C 2 532 286 618 294 0 1 1 0 0 1 
C 3 532 286 629 178 0 1 2 0 0 8 
C 4 171 214 629 132 0 1 1 1 0 8 
C 5 771 314 806 361 0 1 1 0 0 4 
C 6 782 152 837 230 0 1 1 0 0 5 
C 7 771 314 837 276 0 1 2 0 0 5 
C 8 990 250 1206 131 0 1 1 0 1 l 3 
C 9 1191 368 1250 261 0 1 1 0 1 l 0 
C 10 959 381 1038 348 0 1 1 0 0 7 
C 11 1113 529 1270 446 0 1 1 0 1 l 1 
C 12 959 381 960 509 0 1 1 0 0 2 
C 13 824 505 960 555 0 1 2 0 0 2 
C 14 990 250 1038 394 0 1 2 0 0 7 
C 15 172 482 435 463 0 1 1 1 0 6 
C 16 588 483 671 485 0 1 1 0 0 3 
C 17 172 482 618 340 0 1 2 1 0 1 
C 18 181 591 435 509 0 1 2 1 0 6 
C 19 181 591 671 531 0 1 2 1 0 3 
C 20 181 591 1258 624 0 1 1 1 1 l 2 
G 0 and 412 246 1 1 0 0 0 2 2 3 
G 1 and 651 274 1 1 0 0 0 2 5 7 
G 2 and 993 489 1 1 0 0 0 1 11 
G 3 or 704 465 1 1 0 0 0 1 13 
G 4 or 839 341 1 0 0 0 0 2 10 12 
G 5 nor 870 210 1 1 0 0 1 2 8 14 
G 6 nor 468 443 1 1 0 0 1 1 16 
G 7 nand 1071 328 1 1 0 0 1 1 9 
G 8 nor 662 112 1 1 0 0 1 1 6 
B 0 50 305 0 1 1 1 
B 1 52 442 0 1 2 15 17 
B 2 51 174 0 1 2 0 4 
B 3 61 551 0 0 3 18 19 20 
L 0 1283 228 1 0
L 1 1303 413 1 0
L 2 1291 591 1 0
L 3 1239 98 1 0
