C 0 216 172 356 149 0 1 1 1 0 0 
C 1 216 172 342 328 0 1 1 1 0 1 
C 2 235 322 356 195 0 1 2 1 0 0 
C 3 211 490 342 374 0 1 2 1 0 1 
C 4 235 322 541 429 0 1 1 1 0 3 
C 5 495 348 541 475 0 1 2 0 0 3 
C 6 509 169 546 144 0 1 2 0 0 5 
C 7 216 172 546 98 0 1 1 1 0 5 
C 8 699 118 818 188 0 1 1 0 0 4 
C 9 694 449 794 395 0 1 2 0 0 2 
C 10 495 348 818 234 0 1 2 0 0 4 
C 11 509 169 794 349 0 1 1 0 0 2 
C 12 971 208 1129 179 0 1 1 0 1 l 0 
C 13 947 369 1140 315 0 1 1 0 1 l 2 
C 14 971 208 865 513 0 1 1 0 0 6 
C 15 947 369 865 559 0 1 2 0 0 6 
C 16 1018 533 1139 464 0 1 1 0 1 l 1 
G 0 and 389 129 1 1 0 0 0 2 6 11 
G 1 or 375 308 1 1 0 0 0 2 5 10 
G 2 nand 827 329 1 1 0 0 1 2 13 15 
G 3 nand 574 409 1 1 0 0 1 1 9 
G 4 or 851 168 1 1 0 0 0 2 12 14 
G 5 and 579 78 1 1 0 0 0 1 8 
G 6 or 898 493 1 1 0 0 0 1 16 
B 0 96 132 0 1 0 1 7 
B 1 115 282 0 1 2 4 
B 2 91 450 0 0 3 
L 0 1162 146 1 0
L 1 1172 431 1 0
L 2 1173 282 1 0
